1 16 1 0
2 1 36 0
3 2 3 0
4 3 4 0
5 4 5 0
6 5 6 0
7 6 7 0
8 7 8 0
9 8 9 0
10 9 10 0
11 10 11 0
12 11 12 0
13 13 12 0
14 13 14 0
15 15 14 0
16 15 16 0
17 1 17 0                    
18 2 37 0
19 3 19 0
20 4 19 0
21 5 20 0
22 20 34 0
23 19 34 0
24 18 33 0
25 33 34 0
26 19 18 0
27 17 18 0
28 17 32 0
29 16 32 0
30 32 14 0
31 32 31 0
32 31 13 0
33 31 39 0
34 33 38 0
35 31 29 0
36 13 30 0
37 29 30 0
38 29 27 0
39 27 28 0
40 27 25 0
41 26 28 0
42 30 28 0
43 25 26 0
44 24 35 0
45 21 24 0
46 20 21 0
47 21 6 0
48 6 22 0
49 22 8 0
50 22 23 0
51 23 24 0
52 23 9 0
53 25 10 0
54 26 11 0
55 35 25 0
56 36 2 0
57 37 18 0
58 38 29 0
59 33 39 0