1 49 1024
2 77 805
3 119 712
4 204 595
5 376 225
6 585 143
7 1113 53
8 1110 156
9 1114 340
10 1115 396
11 1119 559
12 1201 758
13 607 1197
14 492 1252
15 175 1518
16 196 1347
17 224 1013
18 213 835
19 248 720
20 379 495
21 614 488
22 807 162
23 813 347
24 816 487
25 843 657
26 922 739
27 709 788
28 800 869
29 580 921
30 711 1029
31 451 1067
32 366 1156
33 388 829
34 382 714
35 815 615
36 86 921
37 146 834
38 463 820
39 393 1013
40 350 1469
41 512 1119
42 487 1161
43 595 1254
44 579 1395
45 713 1218
46 852 1122
47 955 1005
48 1054 873
49 1143 683
50 530 179
51 224 494
52 270 269
53 610 165